2  248
6  173736
8  176078
10  179631
12  189493
30  95
36  160
39  9
40  6
41  22
42  43
43  97
44  322
45  2
46  17
47  29
48  3
50  5
52  5
53  11
58  16
62  127
64  50
66  446
68  278
70  1162
72  864
91  66
93  20
95  109
97  802
99  7792
101  1337
103  2790
105  4219
107  2902
109  2552
111  6188
187  323
197  1692
199  14
201  12
203  63
205  713
207  7462
209  1358
211  2829
213  4326
215  2644
217  2490
219  6401
221  4
223  55
225  1937
227  5
229  2
231  34
233  414
235  1026
237  941
239  836
241  125
243  526
245  1073
247  868
249  21
251  10
253  57
255  724
257  7507
259  1222
261  2865
263  4254
265  2681
267  2596
269  6266
288  175
299  106
301  330
303  226
305  447
307  243
309  135
311  141
313  5
314  3
315  6
317  9
319  166
321  82
325  3
327  13
329  109
331  91
333  33
335  23
339  28
341  49
345  56
347  7
349  63
351  41
353  83
355  16
359  103
361  113
363  866
365  311
371  243
373  245
377  152
379  156
383  724
385  857
389  3694
391  3144
395  2035
397  2749
401  54
403  29
405  1021
407  56
411  43
413  667
434  84
436  36
438  25
440  69
442  135
444  338
447  287
449  1115
451  12397
453  190
464  850
526  72
528  127
530  247
532  404
534  1232
536  3134
538  2889
540  2091
546  2372
548  1019
554  5
555  5
556  5
557  5
558  3
559  5
560  237
561  234
562  101
563  245
564  120
565  293
566  333
567  27
569  1738
571  1655
573  1477
575  1221
577  4885
579  584
590  148
592  49
595  36
596  36
626  2341
628  902
630  1073
632  1609
634  2577
636  804
638  754
640  1128
642  1567
644  1595
646  10556
648  1471
650  2055
652  2824
654  1864
656  811
658  531
660  2101
662  750
664  1571
712  25
740  2101
751  3158
753  95
800  4
801  37
802  5
803  43
804  54
805  244
806  36
807  34
808  51
809  71
810  138
811  1008
816  138
817  1008
819  20
820  41
821  74
822  114
823  226
824  646
825  1146
826  23
827  20
828  35
829  56
830  205
837  334
839  6
841  31
843  28
845  48
849  46
851  394
853  268
855  752
857  451
859  1459
861  971
863  70
864  46
865  108
866  192
867  431
868  1802
869  123
877  4
879  12
880  78
881  62
882  5
884  10
886  32
888  43
890  80
892  162
946  93
948  68
950  7
952  260
954  98
958  43
960  279
962  139197
970  257
972  257
973  297
975  545
981  23283
983  437
985  26291
987  9001
989  36615
991  2360
993  33573
1005  132
1007  212
1009  46
1011  289
1013  76
1015  1491
1019  749
1021  709
1023  294
1025  19
1027  814
1029  260
1031  175
1038  36541
1040  26134
1042  187001
1044  29639
1046  38316
1048  55266
1050  23710
1053  17405
1055  19935
1057  25727
1059  3
1061  92
1063  5
1065  1346
1067  317
1069  458
1071  1368
1073  3690
1075  16
1077  3336
1079  41669
1081  89
1083  525
1085  1444
1089  16548
1091  4855
1093  41981
1095  1
1097  530
1099  2181
1101  341
1103  13
1105  271
1107  3841
1109  1006
1111  3645
1113  33303
1115  176
1117  9
1119  1034
1121  2923
1123  9706
1125  4561
1127  43937
1129  37
1131  4
1133  515
1135  4458
1137  21
1139  18
1141  35
1143  295
1145  1006
1147  11673
1149  63885
1151  1013
1153  227
1155  5
1157  191
1159  769
1161  1971
1163  21752
1165  808
1167  1
1169  10
1171  311
1173  9
1175  31
1177  199
1179  502
1181  770
1183  2176
1185  23956
1187  346131
1189  4
1191  58
1193  358
1195  1762
1197  1140
1199  3494
1201  36219
1203  4
1205  19
1207  9
1209  59
1211  342
1213  4617
1215  23902
1217  43
1233  43
1237  474
1239  1246
1241  1191
1243  376
1245  1752
1247  12676
1249  102581
1265  50
1267  275
1269  857
1271  4483
1273  2025
1275  21112
1277  20
1279  6
1281  51
1283  195
1285  335
1287  1547
1289  13314
1291  4
1293  10
1295  159
1297  374
1299  605
1301  1734
1303  20666
1305  68086
1307  25
1309  22
1311  467
1313  1138
1315  1356
1317  3642
1319  43217
1321  12
1323  52
1325  119
1327  2583
1329  494
1331  2631
1333  16847
1335  189
1337  160
1339  238
1341  441
1343  850
1345  2305
1347  27434
1349  13
1351  30
1353  20
1355  181
1357  1038
1359  7615
1361  754
1363  28
1365  224
1367  562
1369  812
1371  2322
1373  27261
1375  4
1377  136914
1379  28
1381  1788
1383  1710
1385  1495
1387  874
1389  253
1391  8359
1393  9749
1395  9621
1397  9165
1399  9211
1401  28305
1403  26462
1405  27211
1407  27081
1420  17
1422  17
1424  11
1426  574
1428  209
1430  682
1432  8485
1434  33318
1436  11
1438  50
1440  160
1442  1908
1444  258
1446  328
1448  107
1452  506
1454  250
1456  6282
1462  1024
1465  323
1470  1623
1472  2869
1474  1625
1476  3703
1478  4246
1487  941
1511  41
1513  1150
1515  401
1517  39
1519  9
1521  36
1523  91
1539  35
1540  166
1550  44
1592  293
1595  199
1597  316
1599  352
1601  1977
1603  997
1605  829
1607  787
1609  330
1613  1526
1615  27590
1617  3514
1619  1706
1621  1273
1623  1099
1625  221
1629  1158
1631  29938
1635  161
1637  1197
1639  1211
1641  1111
1643  1999
1645  26499
1649  1197
1650  1211
1651  1111
1652  1999
1653  26499
1654  204
1656  1243
1658  1453
1660  1160
1662  2282
1664  22070
1668  1243
1669  1453
1670  1160
1671  2282
1672  22070
1673  251
1675  2368
1677  1954
1679  1212
1681  2328
1687  608
1688  1954
1689  1129
1690  2328
1691  27636
1692  119
1694  608
1696  1954
1698  1129
1700  2328
1702  27636
1704  29052
1714  27
1716  20
1718  548
1720  500
1722  3329
1724  5187
1725  1341
1727  728
1729  1035
1731  2336
1733  140
1734  13
1735  24
1737  121
1739  132
1741  185
1743  186
1745  1739
1747  3010
1749  2835
1751  1988
1753  1553
1755  212
1757  298
1759  32
1761  112
1763  721
1765  563
1767  684
1769  803
1771  587
1773  618
1775  147
1777  185
1779  13
1781  62
1783  54
1785  223
1793  106
1794  203
1833  168
1835  139
1837  281
1841  17
1861  94
1865  2
1869  3
1871  2
1881  130
1883  838
1885  838
1887  97
1891  156
1897  272
1901  272
1905  150
1907  53
1909  611
1911  170
1913  74
1915  3646
1917  119
1919  93
1921  72
1923  8
1925  28
1927  19
1929  44
1931  6
1933  108
1935  61
1937  101
1939  7
1942  60
1944  38
1946  110
1947  39
1949  589
1951  202
1953  240
1955  17
1957  21
1959  8325
1961  8700
1963  41
1965  42
1967  42
1969  112
1971  50
1973  17
1975  39
1978  25
1980  82
1982  61
1985  14
1987  142
1989  25091
1993  13
2003  199
2007  553
2011  1862
2015  202
2017  23
2019  25
2021  22
2023  8
2025  95
2026  343
2028  125
2030  20
2032  22
2034  20
2036  20
2038  21
2040  20
2048  20
2054  21
2064  1191
2074  20
2080  20
2084  192
2092  21
2102  824
2104  13000
2106  2028
2108  96
2110  10458
2112  3307
2114  98
2116  138
2118  73
2120  213
2122  180
2124  180
2126  207
2128  6799
2130  103
2132  18
2134  26
2136  108
2140  58
2142  37
2150  238
2152  37
2162  293
2164  1
2165  7
2166  16
2167  4
2169  120
2171  12
2185  1202
2191  500
2195  443
2203  82610
2205  442
2209  493
2213  422
2217  3125
2219  40
2221  40
2223  40
2225  40
2227  40
2229  59
2231  54
2233  40
2235  40
2237  40
2239  40
2241  40
2243  40
2253  409
2255  436
2259  410
2277  439
2281  432
2283  179
2289  662
2293  595
2297  960
2301  921
2307  210
2309  103
2313  68
2315  679
2317  320
2319  839
2321  4444
2323  251
2325  605
2327  163
2331  163
2333  605
2335  251
2337  190
2341  357
2343  15595
2347  128
2349  133
2351  259
2353  733
2355  152
2357  170
2359  1242
2361  2360
2363  14105
2366  74790
2368  801025
2370  498
2389  2
2390  2
2422  187001
2481  1498
2483  1573
2485  1672
2487  1607
2489  2202
2491  2687
2493  2497
2495  4408
2497  4664
2499  5399
2501  6672
2503  7799
2505  2129
2507  3092
2509  3141
2511  41
2513  1845594
2514  9
2516  108
2530  72
2550  1540
2568  1121
2570  2086
2572  27369
2577  21913984
2579  426104
2581  2625213
2583  28824
2585  22297
2587  17481
2589  25957
2591  178779
2593  49692
2595  46185
2597  90637
2599  15355
2601  5370
2603  5663
2605  5281
2607  52362
2609  10909
2611  19184
2613  23463
2615  53831
2617  65024
2619  60571
2621  70073
2623  43617
2625  44642
2627  26043
2629  43370
2631  62090
2633  24117
2635  39657
2637  46798
2639  9659
2641  9356
2643  64109
2645  30155
2647  40650
2649  29234
2651  19644
2653  116756
2655  84026
2657  71895
2659  98730
2661  124403
2663  92772
2665  81740
2667  111694
2669  42883
2671  43423
2673  44680
2675  49544
2859  418
2861  46
2862  384
2864  46
2866  352
2876  3888
2878  805
2890  2227
2894  2531
2896  5949
2898  1711
2900  1157
2902  1173
2904  1522
2906  1722
2908  5537
2910  1418
2912  902
2914  1218
2916  973
2918  992
2920  906
2922  1252
2924  1549
2926  3289
2928  5844
2930  5190
2932  787
2934  1291
2936  5056
2938  4496
2940  1084
2942  899
2955  2487
2961  19
2970  597
2972  129
2974  124
2976  490
2997  7184714
2998  2629
3000  8255
3002  2641
3004  8938
3049  2540
3051  8303
3053  9817
3054  27246
3093  121
3095  2
3096  983
3097  66
3098  21197
3099  3185
3100  12721
3101  8342
3105  732
3107  2639
3122  37469
3123  20379
3125  989
3138  244
3140  1845594
3142  621
3144  839
3147  839
3157  13114
3159  13114
3162  1
3170  474
3171  1246
3172  1191
3173  376
3174  1752
3175  12676
3179  438
3180  438
3181  438
3182  438
3183  438
3185  438
3186  438
3187  72
3188  591
3190  160
3192  299
3194  24122
3196  32258
3198  53270
3200  11046
3202  42786
3204  172250
3211  218
3216  17
3226  7622
3228  2519
3239  2978
3325  27
3327  17915
3329  3805
3331  7431
3333  3809
3335  16872
3337  17915
3339  3805
3341  7431
3343  3809
3345  5865
3347  10346
3349  1737
3351  5594
3353  2053
3355  5865
3357  10346
3359  1737
3361  5594
3363  1135
3365  28110
3367  2748
3369  80
3371  91
3373  167
3381  961
3385  13215
3387  34333
3389  26813
3391  3001
3393  15101
3396  71
3398  266
3400  764
3402  2414
3404  4378
3420  150
3438  12871
3440  3496
3442  1870
3444  6019
3446  27194
3448  7112
3470  12193
3472  5282
3473  5932
3474  4518
3475  3789
3476  43041
3477  41207
3478  41709
3479  41031
3480  41410
3481  394783
3483  1925412
3485  150793
3486  125466
3488  197767
3711  1906
3749  55766
3751  54492
3753  47938
3755  43119
3759  2274
3761  4149
3763  5239
3765  1958
3767  1498
3769  2064
3771  2027
3773  2656
3775  2128
3777  1076
3779  4132
3781  2184
3783  6237
3785  1977
3787  3261
3789  959
3791  1858
3793  6166
3795  3042
3797  2326
3799  785
3801  1906
3803  15
3827  7864
3828  7532
3829  7579
3830  7083
3831  1792409
3832  1104114
3833  1509937
3834  748616
3835  35419
3836  35261
3837  55884
3838  23765
4012  592
4014  338
4087  187789
4119  1042
4121  8458
4123  66
4125  426
4127  328
4129  1153
4131  10011
4151  2306148
4153  35574
4156  4554
4161  33
4162  504
4164  698
4166  509
4168  601
4170  15929
4178  2306148
4180  187789
4207  3853
4242  25
4243  25
4245  25
4246  25
4287  18
4291  58
4293  37
4298  58
4300  114
4302  442
4304  1175
4306  1101
4308  824
4310  2432
4436  1543
4440  467
4456  395
4460  262
4498  98
4517  1029
4522  4484
4524  4484
4529  23243
4531  23243
4532  23243
4534  23243
4540  5057
4542  1
4546  1747
4548  1747
4550  1747
4551  1010
4561  3651
4580  9877
4585  186221
4587  67574
4591  105
4593  116
4608  616
4627  1048
4675  80721
4682  548
4683  5187
4687  403
4692  136482
4694  67
4695  11
4696  10
4697  9
4698  152
4699  3
4703  800000
4708  64902
4710  74056
4712  412767
4714  715245
4718  369773
4720  520155
4722  582459
4724  2150622
4726  3986051
4728  279862
4730  320254
4732  23450
4734  203921
4736  1354878
4738  210917
4740  123
4745  131815
4747  110427
4749  256985
4751  356269
4753  658488
4755  157342
4757  274705
4759  1240732
4773  18
4778  247
4783  188
4788  35723
4793  358
4798  697
4803  242
4812  721
4819  10
4820  15
4821  158
4822  59
4823  58
4824  249
4827  3200
4830  3560
4832  4257
4834  22301
4838  25
4850  6799
5001  8216
5003  1149
5013  7908
5014  7908
5016  884
5018  12499
5024  3797
5026  3797
5028  3797
5321  1080
5325  327
5329  262
5331  334
5341  288
5343  283
5345  2280
5352  762
5370  625
5371  10400
5372  51036
5373  95256
5374  103716
5376  25
5418  15
5496  345
5497  406
5498  533
5499  1161
5500  5796
5501  10656
5502  41861
5503  1218
5504  29
5516  2027
5521  1487
5523  138
5525  36
5527  5
5529  640
5531  453
5533  430
5535  24
5537  573
5539  1218
5541  144
5543  4304
5547  45814
5574  3499
5575  6067
5576  4674
5592  25
5593  25
5594  25
5595  25
5596  25
5597  25
5598  25
5599  25
5600  25
5601  212
5602  203
5603  24
5605  93
5607  39
5667  1802
5680  23902
5698  24043
5738  106
5741  3331
5747  12819
5751  7160
5753  79152
5755  6740
5757  74233
5759  5984
5761  9320
5763  2671
5765  15540
5767  2298
5769  545
5931  1057
5933  1497
5935  1347
5940  8056
5970  442
5972  1525
5974  932
5980  308
5982  14
5984  40
5986  361
5988  361
5992  11
5994  41
5996  120
5998  53
6000  465
6004  697
6006  401
6008  142
6010  133
6012  305
6014  76
6016  4960
6018  1554
6032  212
6034  684
6036  285
6038  9322
6043  43
6045  38
6047  117
6049  683
6051  5794
6123  93
6128  305356
6129  42628
6130  43734
6131  97004
6133  4897
6135  4742
6137  64282
6139  27689
6141  24214
6143  80239
6145  76219
6147  56602
6149  7431
6151  149938
6153  75647
6155  146
6157  13463
6159  36000
6161  30000
6163  40548
6165  70000
6167  140000
6169  70966
6171  19500
6173  38000
6209  226
6211  2155
6235  15567
6257  15567
6279  15567
6281  9
6283  9
6285  12
6287  878
6289  25
6291  2968
6293  6049
6295  7000
6297  6049
6299  7000
6303  7000
6305  2
6306  13
6313  3866
6315  4888
6317  25848
6319  190
6322  631
6324  546
6326  33
6328  341
6330  221
6332  180
6333  96
6335  11908
6337  11908
6339  11908
6341  10115
6343  21601
6345  19629
6349  23878
6351  10115
6353  21601
6355  19629
6357  23878
6361  10115
6363  21601
6365  19629
6367  23878
6371  10115
6373  21601
6375  19629
6377  23878
6382  1693
6384  843
6386  486
6388  843
6390  522
6392  1421
6394  8391
6396  14380
6398  16619
6400  3691
6402  9954
6404  16911
6406  17389
6416  2694
6422  5
6424  5
6426  5
6428  5
6430  101
6432  237
6434  245
6436  3
6438  5
6468  285
6522  1056
6523  148900
6524  171949
6525  86997
6526  144647
6527  139736
6528  178574
6562  99815
6563  166703
6564  2592285
6565  2903227
6566  3112044
6568  323624
6571  2900366
6573  2930566
6575  2592285
6577  2903227
6579  3112044
6581  3112044
6583  2747701
6585  2948256
6587  5114
6589  5000
6591  100
6599  10745
6601  600
6603  711
6607  29554
6609  24261
6611  30042
6613  1500
6615  23543
6617  28578
6619  7334
6621  19676
6623  30282
6625  7535
6627  30907
6629  996
6631  17139
6633  39263
6681  1
6693  2970
6697  112
6701  203
6703  249
6705  487
6712  44
6724  73389
6729  10942
6731  353320
6733  3454144
6735  216652
6737  2951604
6739  173507
6750  551
6752  1472
6760  29950
6762  47345
6764  102900
6794  31
6797  334
6809  44400
6812  3165
6814  162
6889  4437586
6891  16
6893  92
6894  3494
6895  1006
6896  829
6897  20666
6903  27590
6908  246121
6910  377458
6912  1615478
6914  4709511
6916  3711665
6918  3060905
6920  945238
6922  1784503
6924  4383720
6926  868
6959  3731
6962  79
6967  63885
6969  857
7051  446
7053  446
7054  411
7056  579
7058  752
7060  1612
7062  15
7064  75
7068  849
7072  206
7074  5460
7076  2
7078  2
7080  75
7082  48
7084  15
7086  206
7088  361
7110  22538
7112  2581
7114  271
7116  33292
7122  22538
7124  2581
7126  33292
7128  22538
7130  2581
7132  33292
7134  22538
7136  2581
7138  33292
7147  248
7155  98
7156  148
7158  155566
7159  370
7162  14
7168  650
7170  873
7176  12302
7178  981
7186  5500
7188  3397
7196  5623
7198  1385
7200  1385
7206  17961
7208  7348
7216  2548
7218  1263
7223  17000
7225  109
7228  805
7319  9391
7321  5930
7323  7051
7325  8869
7327  8513
7329  52
7331  58
7332  1758
7334  3017
7336  35624
7338  9161
7340  3006
7342  34463
7344  1084
7346  2999
7348  32056
7350  1044
7352  3045
7354  33824
7356  1581
7358  3006
7360  37449
7362  25935
7364  6087
7366  56685
7368  10793
7370  22906
7372  7028
7374  5464
7376  5441
7378  217960
7380  33541
7382  9194
7384  2783
7386  45275
7388  24028
7390  344464
7392  90359
7394  236549
7396  100689
7398  72233
7399  82159
7400  10300
7416  4344
7418  4106
7433  36
7435  50
7437  300
7439  1713
7441  1533
7443  3000
7445  15642
7447  6148
7449  36665
7451  22000
7468  14
7521  102
7523  102
7524  102
7525  102
7526  102
7552  43
7554  5
7556  5
7558  5
7560  101
7566  1017
7568  905
7650  458
7668  5273
7676  311
7728  82
7730  25
7731  25
7733  25
7734  25
7736  25
7737  25
7740  119
7742  93
7744  150
7746  611
7748  170
7750  2487
7752  2671
7754  6740
7759  4511
7763  4692
7767  887
7771  32782
7801  878
7919  152
7928  8700
7929  8700
7930  8700
7931  8700
7932  8700
7933  8700
7936  12
7939  1286
7944  394
7946  489
7956  1021
7957  132
8007  578
8008  562
8009  561
8010  564
8011  714
8013  645
8014  4892
8015  868
8016  10926
8017  9250
8018  1469
8019  7500
8020  1839
8021  2803
8210  76
8214  133
8241  150
8242  611
8243  170
8244  6740
8282  166
8283  29052
8419  2496
8425  17404
8429  51378
8431  1301
8433  5712
8435  12516
8520  150
8522  611
8524  170
8526  6740
8714  36219
8716  36219
8718  36219
8720  36219
8722  36219
8724  36219
8726  36219
8728  36219
8730  36219
8732  36219
8734  36219
8736  36219
8738  36219
8740  36219
8742  36219
8744  36219
8746  358
8748  358
8750  358
8752  358
8754  358
8756  358
8758  358
8760  358
8762  358
8764  358
8766  358
8768  358
8770  358
8772  358
8774  358
8776  358
8778  471
8780  757
8782  1657
8784  136482
8786  338285
8788  800000
8790  1016
8792  17989
8794  204
8796  150
8837  7
8872  3000
8880  3288
8882  8
8901  441691
8903  441691
8905  441691
8907  441691
8909  441691
8911  441691
8913  441691
8915  441691
8917  441691
8919  441691
8921  441691
8928  371783
8949  2581
8986  28
8987  36
9003  7
9004  1
9026  8
9028  984
9030  163
9032  21
9034  1188
9036  80
9038  179
9040  774
9042  140
9050  3457387
9075  147
9085  2
9086  5
9140  38
9141  67
9142  100
9143  167
9144  200
9145  14
9174  240
9177  4918
9179  3388
9181  1021
9183  3826
9185  10623
9187  8
9188  27
9189  21
9190  122
9191  102
9192  191
9193  2167
9194  8533
9236  22
9238  75
9239  126
9240  130
9241  259
9242  322
9243  406
9244  2519
9245  8866
9336  31
9337  125
9338  217
9339  296
9340  376
9341  2431
9342  8866
9375  16
9377  33
9378  60
9379  104
9381  855
9382  13
9415  7616
9416  14733
9418  7616
9419  7616
9420  158
9423  703
9425  1034
9427  4303
9429  5047
9431  9954
9434  1462
9436  264
9438  305
9440  2
9442  807
9444  75
9446  388
9448  52
9450  420
9452  142
9454  15
9457  39
9459  80
9461  172
9463  1215
9465  9761
9469  87124
9470  886497
9472  33254
9475  264
9487  21
9489  21
9508  21
9510  20
9512  20
9514  192
9516  21
9518  20
9520  1191
9522  1
9524  1
9527  439
9529  436
9531  409
9533  432
9535  410
9538  3125
9540  422
9542  442
9544  493
9547  500
9549  443
9553  1202
9629  2250
9634  9777
9636  17049
9638  20130
9640  10790
9642  11037
9644  10060
9659  44
9660  28
9665  36
9668  23140
9672  4732
9674  9044
9676  9255
9678  10451
9691  5
9693  5
9695  5
9697  3
9699  5
9729  4067
9731  17996
9733  1645
9735  112
9736  218
9976  1012
9977  1679
9978  27
9980  12
9986  397
9988  5
9994  27
10006  15
10008  47
10010  89
10012  169
10025  413
10029  109
10031  5
10033  1012
10034  1679
10035  66466
10037  66631
10039  33195
10041  4575
10043  4173
10045  5006
10047  25418
10049  37433
10051  29497
10053  10122
10055  10301
10057  8101
10059  8524
10061  8204
10063  7990
10065  11058
10067  14066
10069  1030
10071  5782
10073  1030
10074  5782
10075  2191
10077  4134
10079  4792
10081  4819
10083  5169
10085  5015
10087  2
10088  3
10089  3
10090  10
10091  3
10093  4527
10095  9877
10097  1186
10099  14702
10101  4972
10103  7389
10105  473
10109  15547
10111  2211
10113  7808
10115  2979
10117  14
10119  580
10121  4382
10123  1178
10125  74
10127  3288
10129  144
10132  4595
10134  14106
10136  162
10138  231
10142  1
10143  1
10144  1
10145  16
10146  27
10147  24
10148  175
10149  62
10150  15
10156  3447
10158  175
10159  1177
10280  5876
10282  877
10284  1505
10286  23388
10288  21698
10290  24352
10292  20403
10294  24825
10296  2915
10298  2231
10300  2197
10302  2216
10304  2485
10306  2105
10308  1543
10310  1453
10312  1126
10314  2147
10316  4407
10318  5629
10320  3974
10322  5485
10324  3729
10326  73
10327  54
10330  28251947
10332  28792325
10334  7525619
10336  6242346
10338  146374959
10340  46999719
10342  43222914
10344  15093840
10346  162614791
10348  128823778
10350  19588526
10352  53788843
10354  61126
10356  61126
10358  61126
10360  61126
10362  61126
10364  80806
10366  26646
10368  78620
10370  382097
10372  109861
10374  28745
10376  4672
10378  51881
10380  16127
10382  17894
10384  27556
10386  181714
10388  99002
10390  19811
10392  13868
10394  210899
10396  3200
10398  17684
10400  139835
10402  48130
10404  102869
10406  31395
10408  144886
10410  65219
10412  156023
10414  30767
10416  32237
10418  5428
10420  39632
10422  5877
10424  11686
10426  3616
10428  16100
10430  5327
10432  8838
10434  4080
10436  4142
10438  2340
10440  6697
10442  7613
10444  6683
10446  376705
10448  109368
10450  422059
10452  60008
10454  53300
10456  71627
10458  71395
10460  158845
10462  33775
10464  134525
10466  49116
10468  187943
10470  4416
10474  6405
10476  3651
10486  15
10496  1337
10564  115637
10589  31262
10604  64282
10605  3711665
10606  13215
10613  305356
10614  97004
10615  11908
10616  11908
10617  11908
10618  28578
10619  6067
10620  9044
10622  66631
10623  4173
10624  37433
10625  10122
10626  8101
10627  8204
10628  11058
10634  1019
10636  323624
10663  1030
10664  5782
10665  1758
10666  3017
10667  35624
10668  9161
10669  3006
10670  34463
10671  1084
10672  2999
10673  32056
10674  1044
10675  3045
10676  33824
10677  1581
10678  3006
10679  37449
10680  25935
10681  6087
10688  82159
10689  426104
10690  28824
10691  178779
10692  62090
10693  24117
10694  39657
10695  46798
10696  21913984
10697  15355
10698  52362
10699  2105
10700  1543
10701  1453
10702  1126
10703  2147
10704  23388
10705  21698
10706  24352
10707  20403
10708  24825
10709  2915
10710  2231
10711  2197
10712  2216
10713  2485
10714  4407
10715  5629
10716  3974
10717  5485
10718  3729
10719  61126
10736  80806
10738  26646
10740  13868
10742  210899
10744  3200
10746  17684
10748  139835
10750  102869
10752  144886
10754  156023
10756  32237
10758  9391
10760  5930
10762  7051
10764  8869
10766  8513
10768  30155
10770  40650
10772  29234
10774  19644
10776  116756
10778  124403
10780  42883
10782  394783
10784  71395
10786  158845
10788  33775
10790  382097
10792  181714
10794  51881
10796  2625213
10798  53831
10800  43617
10802  9659
10804  9356
10806  64109
10808  2071
10810  606
10812  1983
10814  11
10816  2364
10818  116
10820  414
10828  33216
10891  7
10937  1533
10952  404
10954  1904
10956  1968
10958  2008
10973  1818
10978  1527
10981  619
10999  150
11027  8700
11028  8700
11029  8700
11030  8700
11037  156237
11046  98
11061  7258
11065  486
11068  256
11069  256
11071  605
11072  605
11074  644
11076  954
11078  954
11085  1267
11087  1267
11088  1362
11090  2343
11092  2122
11094  2122
11113  28477
11115  27874
11117  27874
11126  28412
11128  2973267
11130  2920852
11132  2920852
11133  2911990
11199  41976
11200  41976
11205  10
11212  1518
11230  4248
11232  4278
11235  1214298
11237  1495
11238  2578
11240  6700
11244  1914
11248  5330
11250  4480
11252  15269
11254  23278
11256  419613
11260  581
11274  58
11277  228767
11280  228767
11283  16672492
11284  16672492
11286  17187292
11324  13
11326  530
11328  3
11330  13
11332  60
11334  126
11335  48043203
11367  3506
11369  25020
11371  5583
11373  6151
11375  4213
11377  35183
11686  5
11687  5
11688  5
11689  5
11690  3
11691  5
11692  237
11693  234
11694  101
11695  245
11696  120
11697  293
11698  333
11699  147
11700  5
11701  10
11702  32
11703  43
11710  166
11712  101
11713  237
11714  293
11715  5
11716  5
11717  5
11718  5
11719  21112
11720  2025
11721  275
11785  24058659
11787  337185
11789  311139
11791  11902594
11798  523160
11802  47260296
11804  3738194
11806  40357836
11808  3532392
11810  52395421
11812  3466011
11814  46315548
11816  1268554
11818  168894
11820  170015
11822  170103
11824  8191712
11826  833275
11828  13949044
11830  12004271
11832  11571900
11834  23412718
11836  210016
11838  1672213
11840  62240
11874  48
11875  61
11876  58
11889  8328590
11902  45994
11905  106344
11905  1072436
11907  102216
11907  1088812
11908  102216
11908  1088812
11920  1561007
11924  2950978
11926  4805492
11928  313266
11929  466007
11930  4796131
11931  176207
11932  321791
11933  2720507
11934  1405
11936  1758
11940  93
11943  4955
11959  2253
11964  61126
11966  61126
11968  28477
11970  28477
11972  28412
11974  28412
11976  29052
11978  29052
11980  27369
11982  27369
11984  27369
11986  27369
11988  27369
11990  15901
11992  2925
11994  391
11998  1920197
12000  1943470
12002  723644
12004  398179
12007  129140
12193  31050
12195  46033
12197  116516
12199  13083
12201  2902
12203  53870
12205  193657
12207  55287
12209  4438
12211  54162
12213  71161
12215  19784
12217  10716
12219  1859
12221  16613
12223  9692
12225  373302
12227  51572
12229  7340
12231  124163
12233  89451
12235  825145
12237  82298
12239  9487
12241  233559
12243  299030
12245  20685
12247  17487
12249  71646
12251  60480
12253  50827
12255  57048
12257  13008
12259  50594
12261  133371
12263  10194
12265  26824
12267  38096
12269  21180
12271  54378
12273  120851
12275  49114
12277  29518
12279  7002
12281  19289
12283  22503
12285  1628
12287  9227
12289  4119
12291  8199
12293  9519
12295  1285
12297  7033
12299  36115
12301  35412
12303  30165
12305  33471
12307  79426
12309  8494
12311  4716
12313  4474
12315  28952
12317  8063
12319  24908
12321  37311
12323  6523
12325  7525
12327  6356
12329  29660
12331  6493
12333  4206
12335  498964
12337  3445086
12339  15306
12341  5911
12343  5137
12345  2790
12347  35732
12349  9829
12351  639338
12353  41570
12355  155534
12357  588302
12359  30593
12361  29348
12363  31419
12365  33173
12367  27511
12369  32336
12371  4774728
12373  99616
12375  45118
12377  2276
12379  8484
12381  61177
12383  1978723
12385  22621
12387  199959
12389  6892345
12391  12990897
12393  91150
12395  56256
12397  215651
12399  4875498
12402  5304
12403  1031
12404  961
12405  13929
12406  13206
12407  655
12408  1156
12409  4952
12410  1677
12411  982
12412  207688
12422  246047120
12424  431798220
12426  1040802475
12428  23808
12430  89096
12432  371926
12434  403153
12437  883140434
12439  147576
12441  200999
12443  42819
12445  57840
12447  44316
12449  527300
12451  357326
12453  271074
12455  206701
12460  42535
12462  37894
12464  37930
12466  21190
12468  39744
12470  40360
12472  41433
12474  40680
12476  21401
12478  35368
12480  41311
12482  41035
12484  39786
12486  21806
12488  35772
12490  3859
12492  37408
12494  19651
12496  16841
12498  23124
12500  35501
12502  24491
12504  14990
12506  67800
12508  151275
12510  77058
12512  29138
12514  55601
12516  4903
12518  12428
12520  10927
12522  19390
12524  23001
12526  10770666
12528  132014
12530  31336
12536  517139
12538  24579
12540  47148
12596  8944162
12598  1012589
12601  12995660
12603  1882803
12605  1858629
12613  4225
12614  2449
12615  3208
12616  3180
12617  271029
12618  342622
12619  283846
12620  294424
12621  53312
12622  40632
12623  52877
12624  40540
12640  764
12642  4518
12757  148273
12759  155420
12761  155521
12763  150133
12765  1214298
12766  1214298
12767  1214298
12768  1214298
12769  134455
12771  133050
12775  2625
12776  2531
12777  2628
12778  2291
12779  2497
12780  2353
12781  2507
12782  2685
12783  13381
12786  25529
12789  89170
12795  337185
12796  311139
12797  1561007
12798  76767
12800  79688
12802  90217
12804  5871704
12806  2950978
12807  4805492
12817  779086435
12819  805987339
12821  46204219
12823  48166576
12825  66737410
12827  76837620
12829  88542
12831  825236
12833  701875
12846  2524347
12848  35574
12849  77383
12851  225784
12853  225784
12863  757533
12865  8543
12867  10504
12869  16534
12871  16607
12873  6869242
12875  2327809
12877  1843165
12879  949435
12881  1434069
12885  613796
12899  269773
12900  269773
12902  12024499
12904  12024499
12922  1890496
12924  1637707
12926  1637707
12927  227861
12929  208741
12931  208741
12932  171505
12934  160
12936  77945
12938  339
12960  161
12962  2402
12964  79353
12966  119034
12968  408323
12970  552309
12972  1002
12974  996
12976  668387
12978  873332
12980  1447000
12982  1123990
12984  2730
12986  6321
12988  13076
12990  37495
12992  125233
12994  165585
12996  441919
12998  215816
13000  7332
13002  11438
13004  63389
13006  31127
13008  106508
13010  116200
13012  19251
13014  26285
13016  55910
13018  54787
13020  143940
13022  193069
13024  146120
13026  152110
13028  170692
13030  262462
13032  261966
13034  301870
13036  2661285
13038  961375
13040  433309
13042  523670
13044  392156
13046  509350
13048  193743
13050  269561
13052  183075
13054  252109
13056  177465
13058  260494
13060  174009
13062  231473
13064  1539
13066  12654
13074  3457387
13075  3457387
13076  3457387
13077  3457387
13078  3457387
13149  43917
13151  5198185
13153  192125
13155  24881
13157  1299798
13159  246243
13161  676120
13163  431662
13165  128964
13167  167926
13169  363433
13171  120833
13173  439460
13175  67473
13190  2863504
13192  2863420
13205  13968115
13211  24043663
13213  26969235
13215  6342737
12006  3000000
12931  20000000
13197  25000000
13199  25000000